25
Corea del Sur;5000;40;20;112312;2;33432432
Japón;400;399;150;5;624;34
China;250;700;123;134;4324;1232
Taiwán;1000;19;67;13;234;556
Rusia;4214;124;908;76874;57;5
Tailandia;153;24;8;57;87;5
Bélgica;241;2;1;78;567;321
Lituania;9;2;100;0;6;4
Luxemburgo;90;21;2;5;9;7
Malta;12;2;1;7;987;65
Mónaco;94;4;4;321;33;66
Andorra;11;2;0;78;98;39
Italia;1;2;3;87;25;52
USA;0;0;0;0;0;0
Alemania;3;3;3;58;36;26
Guatemala;90000;20000;1312;45;54;4
Austria;543;238;0;8979;87;77
Bielorrusia;9;9;9;4777;7;77
Moldavia;84;23;0;7777;777;777
Barbados;109;798;654;545;1;1
Guadalupe;0;0;0;0;1;1
Islas Turcas y Caicos;123931043;1;1;555;666;777
Granada;4;4;4;4;4;4
Montserrat;2342;3;3;3;3;3
Caribe Neerlandés;16;43;0;2;2;2